time_start	p10	p50	p90	id_zona					
2024-09-14	8,176	9,82	13,824	1					
2024-09-29	9,773	12,254	18,756	1					
2024-10-19	4,882	7,365	14,446	1					
2024-10-19	4,895	10,133	17,095	2					
2024-10-19	6,594	9,122	17,62	3					
2024-10-26	5,612	7,129	14,256	3					
2024-09-16	4,823	6,731	11,243	7					
2024-11-20	1,638	2,383	5,628	6					
2024-11-20	2,06	2,562	4,069	7					
									
									
									
									
									
									
									
									
									
									
									
									
									
									
									
									
									
									
									
									
